Measurements 2018/07/24 16:03:08: 
0.077433652268
0.0749740376673
0.0789692227797
0.07703828895
0.0750172097065
0.0757849434839
0.0745573271165
0.0770206012003
0.0751111605051
0.0773339265099
0.0777705905775
0.077890915559
0.0797441180803
0.0732279819447
0.0795175886242
0.0819275475823
0.0784379068302
0.077174005484
0.0781642079282
0.0816022884696

Average = 0.0774348760634

Result = 17.6889460382



Measurements 2018/07/24 16:30:14: 
0.077433652268
0.0749740376673
0.0789692227797
0.07703828895
0.0750172097065
0.0757849434839
0.0745573271165
0.0770206012003
0.0751111605051
0.0773339265099
0.0777705905775
0.077890915559
0.0797441180803
0.0732279819447
0.0795175886242
0.0819275475823
0.0784379068302
0.077174005484
0.0781642079282
0.0816022884696

Average = 0.0774348760634

Result = 17.6889460382



Measurements 2018/07/25 03:34:09: 
0.077433652268
0.0749740376673
0.0789692227797
0.07703828895
0.0750172097065
0.0757849434839
0.0745573271165
0.0770206012003
0.0751111605051
0.0773339265099
0.0777705905775
0.077890915559
0.0797441180803
0.0732279819447
0.0795175886242
0.0819275475823
0.0784379068302
0.077174005484
0.0781642079282
0.0816022884696

Average = 0.0774348760634

Result = 17.6889460382



Measurements 2018/07/25 03:40:12: 
0.077433652268
0.0749740376673
0.0789692227797
0.07703828895
0.0750172097065
0.0757849434839
0.0745573271165
0.0770206012003
0.0751111605051
0.0773339265099
0.0777705905775
0.077890915559
0.0797441180803
0.0732279819447
0.0795175886242
0.0819275475823
0.0784379068302
0.077174005484
0.0781642079282
0.0816022884696

Average = 0.0774348760634

Result = 17.6889460382



Measurements 2018/07/25 03:42:00: 
0.077433652268
0.0749740376673
0.0789692227797
0.07703828895
0.0750172097065
0.0757849434839
0.0745573271165
0.0770206012003
0.0751111605051
0.0773339265099
0.0777705905775
0.077890915559
0.0797441180803
0.0732279819447
0.0795175886242
0.0819275475823
0.0784379068302
0.077174005484
0.0781642079282
0.0816022884696

Average = 0.0774348760634

Result = 17.6889460382



Measurements 2018/07/25 03:57:25: 
0.077433652268
0.0749740376673
0.0789692227797
0.07703828895
0.0750172097065
0.0757849434839
0.0745573271165
0.0770206012003
0.0751111605051
0.0773339265099
0.0777705905775
0.077890915559
0.0797441180803
0.0732279819447
0.0795175886242
0.0819275475823
0.0784379068302
0.077174005484
0.0781642079282
0.0816022884696

Average = 0.0774348760634

Result = 17.6889460382



Measurements 2018/07/25 04:19:03: 
0.077433652268
0.0749740376673
0.0789692227797
0.07703828895
0.0750172097065
0.0757849434839
0.0745573271165
0.0770206012003
0.0751111605051
0.0773339265099
0.0777705905775
0.077890915559
0.0797441180803
0.0732279819447
0.0795175886242
0.0819275475823
0.0784379068302
0.077174005484
0.0781642079282
0.0816022884696

Average = 0.0774348760634

Result = 17.6889460382



Measurements 2018/07/25 04:21:03: 
0.077433652268
0.0749740376673
0.0789692227797
0.07703828895
0.0750172097065
0.0757849434839
0.0745573271165
0.0770206012003
0.0751111605051
0.0773339265099
0.0777705905775
0.077890915559
0.0797441180803
0.0732279819447
0.0795175886242
0.0819275475823
0.0784379068302
0.077174005484
0.0781642079282
0.0816022884696

Average = 0.0774348760634

Result = 17.6889460382



Measurements 2018/07/25 04:21:05: 
0.077433652268
0.0749740376673
0.0789692227797
0.07703828895
0.0750172097065
0.0757849434839
0.0745573271165
0.0770206012003
0.0751111605051
0.0773339265099
0.0777705905775
0.077890915559
0.0797441180803
0.0732279819447
0.0795175886242
0.0819275475823
0.0784379068302
0.077174005484
0.0781642079282
0.0816022884696

Average = 0.0774348760634

Result = 17.6889460382



Measurements 2018/07/25 04:21:18: 
0.077433652268
0.0749740376673
0.0789692227797
0.07703828895
0.0750172097065
0.0757849434839
0.0745573271165
0.0770206012003
0.0751111605051
0.0773339265099
0.0777705905775
0.077890915559
0.0797441180803
0.0732279819447
0.0795175886242
0.0819275475823
0.0784379068302
0.077174005484
0.0781642079282
0.0816022884696

Average = 0.0774348760634

Result = 17.6889460382



Measurements 2018/07/25 04:24:30: 
0.077433652268
0.0749740376673
0.0789692227797
0.07703828895
0.0750172097065
0.0757849434839
0.0745573271165
0.0770206012003
0.0751111605051
0.0773339265099
0.0777705905775
0.077890915559
0.0797441180803
0.0732279819447
0.0795175886242
0.0819275475823
0.0784379068302
0.077174005484
0.0781642079282
0.0816022884696

Average = 0.0774348760634

Result = 17.6889460382



Measurements 2018/07/25 04:24:42: 
0.077433652268
0.0749740376673
0.0789692227797
0.07703828895
0.0750172097065
0.0757849434839
0.0745573271165
0.0770206012003
0.0751111605051
0.0773339265099
0.0777705905775
0.077890915559
0.0797441180803
0.0732279819447
0.0795175886242
0.0819275475823
0.0784379068302
0.077174005484
0.0781642079282
0.0816022884696

Average = 0.0774348760634

Result = 17.6889460382



Measurements 2018/07/25 04:34:36: 
0.077433652268
0.0749740376673
0.0789692227797
0.07703828895
0.0750172097065
0.0757849434839
0.0745573271165
0.0770206012003
0.0751111605051
0.0773339265099
0.0777705905775
0.077890915559
0.0797441180803
0.0732279819447
0.0795175886242
0.0819275475823
0.0784379068302
0.077174005484
0.0781642079282
0.0816022884696

Average = 0.0774348760634

Result = 17.6889460382



