Measurements 2018/07/25 14:20:19: 
0.077433652268
0.0749740376673
0.0789692227797
0.07703828895
0.0750172097065
0.0757849434839
0.0745573271165
0.0770206012003
0.0751111605051
0.0773339265099
0.0777705905775
0.077890915559
0.0797441180803
0.0732279819447
0.0795175886242
0.0819275475823
0.0784379068302
0.077174005484
0.0781642079282
0.0816022884696

Average = 0.0774348760634

Result = 17.6889460382



Measurements 2018/07/25 14:29:50: 
0.077433652268
0.0749740376673
0.0789692227797
0.07703828895
0.0750172097065
0.0757849434839
0.0745573271165
0.0770206012003
0.0751111605051
0.0773339265099
0.0777705905775
0.077890915559
0.0797441180803
0.0732279819447
0.0795175886242
0.0819275475823
0.0784379068302
0.077174005484
0.0781642079282
0.0816022884696

Average = 0.0774348760634

Result = 17.6889460382



Measurements 2018/07/25 15:12:43: 
0.077433652268
0.0749740376673
0.0789692227797
0.07703828895
0.0750172097065
0.0757849434839
0.0745573271165
0.0770206012003
0.0751111605051
0.0773339265099
0.0777705905775
0.077890915559
0.0797441180803
0.0732279819447
0.0795175886242
0.0819275475823
0.0784379068302
0.077174005484
0.0781642079282
0.0816022884696

Average = 0.0774348760634

Result = 17.6889460382



Measurements 2018/07/25 15:15:12: 
0.077433652268
0.0749740376673
0.0789692227797
0.07703828895
0.0750172097065
0.0757849434839
0.0745573271165
0.0770206012003
0.0751111605051
0.0773339265099
0.0777705905775
0.077890915559
0.0797441180803
0.0732279819447
0.0795175886242
0.0819275475823
0.0784379068302
0.077174005484
0.0781642079282
0.0816022884696

Average = 0.0774348760634

Result = 17.6889460382



Measurements 2018/07/25 15:28:51: 
0.077433652268
0.0749740376673
0.0789692227797
0.07703828895
0.0750172097065
0.0757849434839
0.0745573271165
0.0770206012003
0.0751111605051
0.0773339265099
0.0777705905775
0.077890915559
0.0797441180803
0.0732279819447
0.0795175886242
0.0819275475823
0.0784379068302
0.077174005484
0.0781642079282
0.0816022884696

Average = 0.0774348760634

Result = 17.6889460382



Measurements 2018/07/25 15:29:52: 
0.077433652268
0.0749740376673
0.0789692227797
0.07703828895
0.0750172097065
0.0757849434839
0.0745573271165
0.0770206012003
0.0751111605051
0.0773339265099
0.0777705905775
0.077890915559
0.0797441180803
0.0732279819447
0.0795175886242
0.0819275475823
0.0784379068302
0.077174005484
0.0781642079282
0.0816022884696

Average = 0.0774348760634

Result = 17.6889460382



Measurements 2018/07/25 15:30:50: 
0.077433652268
0.0749740376673
0.0789692227797
0.07703828895
0.0750172097065
0.0757849434839
0.0745573271165
0.0770206012003
0.0751111605051
0.0773339265099
0.0777705905775
0.077890915559
0.0797441180803
0.0732279819447
0.0795175886242
0.0819275475823
0.0784379068302
0.077174005484
0.0781642079282
0.0816022884696

Average = 0.0774348760634

Result = 17.6889460382



Measurements 2018/07/25 15:40:45: 
0.077433652268
0.0749740376673
0.0789692227797
0.07703828895
0.0750172097065
0.0757849434839
0.0745573271165
0.0770206012003
0.0751111605051
0.0773339265099
0.0777705905775
0.077890915559
0.0797441180803
0.0732279819447
0.0795175886242
0.0819275475823
0.0784379068302
0.077174005484
0.0781642079282
0.0816022884696

Average = 0.0774348760634

Result = 17.6889460382



Measurements 2018/07/25 15:43:11: 
0.077433652268
0.0749740376673
0.0789692227797
0.07703828895
0.0750172097065
0.0757849434839
0.0745573271165
0.0770206012003
0.0751111605051
0.0773339265099
0.0777705905775
0.077890915559
0.0797441180803
0.0732279819447
0.0795175886242
0.0819275475823
0.0784379068302
0.077174005484
0.0781642079282
0.0816022884696

Average = 0.0774348760634

Result = 17.6889460382



Measurements 2018/07/25 15:43:58: 
0.077433652268
0.0749740376673
0.0789692227797
0.07703828895
0.0750172097065
0.0757849434839
0.0745573271165
0.0770206012003
0.0751111605051
0.0773339265099
0.0777705905775
0.077890915559
0.0797441180803
0.0732279819447
0.0795175886242
0.0819275475823
0.0784379068302
0.077174005484
0.0781642079282
0.0816022884696

Average = 0.0774348760634

Result = 17.6889460382



Measurements 2018/07/25 15:44:52: 
0.077433652268
0.0749740376673
0.0789692227797
0.07703828895
0.0750172097065
0.0757849434839
0.0745573271165
0.0770206012003
0.0751111605051
0.0773339265099
0.0777705905775
0.077890915559
0.0797441180803
0.0732279819447
0.0795175886242
0.0819275475823
0.0784379068302
0.077174005484
0.0781642079282
0.0816022884696

Average = 0.0774348760634

Result = 17.6889460382



Measurements 2018/07/25 15:58:41: 
0.077433652268
0.0749740376673
0.0789692227797
0.07703828895
0.0750172097065
0.0757849434839
0.0745573271165
0.0770206012003
0.0751111605051
0.0773339265099
0.0777705905775
0.077890915559
0.0797441180803
0.0732279819447
0.0795175886242
0.0819275475823
0.0784379068302
0.077174005484
0.0781642079282
0.0816022884696

Average = 0.0774348760634

Result = 17.6889460382



Measurements 2018/07/26 12:37:42: 
0.077433652268
0.0749740376673
0.0789692227797
0.07703828895
0.0750172097065
0.0757849434839
0.0745573271165
0.0770206012003
0.0751111605051
0.0773339265099
0.0777705905775
0.077890915559
0.0797441180803
0.0732279819447
0.0795175886242
0.0819275475823
0.0784379068302
0.077174005484
0.0781642079282
0.0816022884696

Average = 0.0774348760634

Result = 17.6889460382



Measurements 2018/07/26 12:51:31: 
0.077433652268
0.0749740376673
0.0789692227797
0.07703828895
0.0750172097065
0.0757849434839
0.0745573271165
0.0770206012003
0.0751111605051
0.0773339265099
0.0777705905775
0.077890915559
0.0797441180803
0.0732279819447
0.0795175886242
0.0819275475823
0.0784379068302
0.077174005484
0.0781642079282
0.0816022884696

Average = 0.0774348760634

Result = 17.6889460382



Measurements 2018/07/26 12:52:38: 
0.077433652268
0.0749740376673
0.0789692227797
0.07703828895
0.0750172097065
0.0757849434839
0.0745573271165
0.0770206012003
0.0751111605051
0.0773339265099
0.0777705905775
0.077890915559
0.0797441180803
0.0732279819447
0.0795175886242
0.0819275475823
0.0784379068302
0.077174005484
0.0781642079282
0.0816022884696

Average = 0.0774348760634

Result = 17.6889460382



Measurements 2018/07/26 12:55:01: 
0.077433652268
0.0749740376673
0.0789692227797
0.07703828895
0.0750172097065
0.0757849434839
0.0745573271165
0.0770206012003
0.0751111605051
0.0773339265099
0.0777705905775
0.077890915559
0.0797441180803
0.0732279819447
0.0795175886242
0.0819275475823
0.0784379068302
0.077174005484
0.0781642079282
0.0816022884696

Average = 0.0774348760634

Result = 17.6889460382



